start=6393.679000
pause=yes
volume=70.000000
